15244
184407604382291481867184299
11115723687297048576
72046515175736791241760768
1111124496430741455594100
6761435930000000000000
23289979490000000000000
81903368059131739869
1388901595756927627998950390
2747227126284794618253
897515310043183556985339904
421665837580014598644214
784741401654392898396
11108708156092319688056832
960337522909578788864
47569045330616885718514137
58814765610761781296060
174380180268476198177480704
80900414786593438472945664
14141315523950759744661012
3136894973130146138030080
41520
131476904690709961390674492
4757724064148880747989
8339709934773993472
2081293799854848467879854080
5720277480781078338623046875
11633495309972282036715520
39990728840000000000000
6515867283606090087890625
100964116316160000000000000
137259590533968091763
172914865883288457707520
431281079993794742452224
1048688178976690770627698688
1119026363366731547779072
574105989990234375
779903685994902311271338
221081274213728256
420806725843579101562500
47071202341466234880
163553148408616720954805228
80816
1444282702185499721728
1741751699528628
168895017223449379018327710
3036182844555675
20037083434492966116673525
322321882130485997907
1798485467198678734995456
1804966293151487623168
81692555921134069353574
2126842542804239319111303168
1730407958984375000
3618731103791253662109375
332344004788956653054115840
3549159847382569448399437824
17761607588796716501139366
1296901928509208384004096
4153747647705078125
421276828499502432256
258851674365880571346696
2222524699533207
